cilia_id	cell_id
0	0
1	0
2	0
3	0
4	0
5	0
6	0
7	0
8	0
9	0
10	0
11	21590
12	21590
13	0
14	0
15	21590
16	0
17	0
18	0
19	0
20	21911
21	21911
22	21910
23	21910
24	21910
25	21910
26	21910
27	0
28	21910
29	21910
30	21910
31	21910
32	21594
33	
34	21594
35	21911
36	21911
37	0
38	0
39	21594
40	21590
41	21590
42	21590
43	21594
44	21594
45	21594
46	0
47	
48	0
49	0
50	0
51	0
52	0
53	21594
54	21910
55	21910
56	21910
57	21910
58	21910
59	21911
60	21911
61	
62	0
63	0
64	0
65	0
66	0
67	21910
68	21910
69	21910
70	21910
71	0
72	21911
73	21911
74	21911
75	0
76	21911
77	0
78	
79	0
80	0
81	0
82	
83	
84	0
85	0
86	0
87	21915
88	21915
89	21915
90	0
91	21915
92	21915
93	21911
94	0
95	0
96	
97	0
98	0
99	21915
100	21915
101	0
102	21915
103	21911
104	21915
105	21911
106	0
107	21910
108	0
109	0
110	21915
111	0
112	0
113	0
114	0
115	0
116	0
117	21910
118	21911
119	0
120	0
121	0
122	21915
123	0
124	0
125	0
126	
127	0
128	
129	
130	0
131	0
132	0
133	0
134	21904
135	21904
136	21915
137	21915
138	
139	0
140	0
141	
142	0
143	0
144	0
145	0
146	0
147	0
148	0
149	22699
150	22515
151	22515
152	22182
153	22515
154	22515
155	22515
156	22515
157	22515
158	22515
159	22515
160	22515
161	22515
162	22182
163	22515
164	22515
165	22515
166	22515
167	22515
168	22515
169	21904
170	
171	
172	0
173	0
174	0
175	0
176	0
177	0
178	0
179	0
180	22182
181	22182
182	22182
183	22182
184	22515
185	22515
186	22515
187	22699
188	22699
189	0
190	22699
191	22699
192	0
193	0
194	22699
195	22699
196	22699
197	22699
198	22699
199	22699
200	22699
201	0
202	22699
203	22699
204	22700
205	22700
206	22700
207	22700
208	22700
209	22700
210	22700
211	
212	
213	
214	
215	
216	22181
217	22181
218	22181
219	22181
220	22182
221	0
222	0
223	0
224	22515
225	22699
226	0
227	22515
228	0
229	0
230	0
231	22699
232	21904
233	0
234	0
235	22181
236	0
237	0
238	0
239	0
240	0
241	0
242	0
243	0
244	0
245	0
246	0
247	0
248	0
249	0
250	0
251	0
252	0
253	22699
254	0
255	22181
256	0
257	
258	
259	22182
260	0
261	0
262	0
263	0
264	0
265	0
266	0
267	0
268	0
269	0
270	0
271	0
272	22700
273	22700
274	0
275	0
276	0
277	0
278	0
279	0
280	0
281	0
282	0
283	0
284	0
285	0
286	0
287	0
288	0
289	0
290	0
291	0
292	22700
293	0
294	22700
295	22700
296	22700
297	22700
298	22700
299	22700
300	22700
301	22700
302	0
303	0
304	0
305	0
306	0
307	0
308	0
309	0
310	0
311	0
312	0
313	0
314	22584
315	22584
316	0
317	0
318	0
319	22584
320	0
321	22584
322	22925
323	22925
324	22584
325	22925
326	22925
327	0
328	0
329	0
330	22584
331	0
332	22925
333	0
334	0
335	0
336	0
337	22584
338	0
339	0
340	24024
341	0
342	0
343	0
344	0
345	24024
346	24024
347	0
348	0
349	0
350	0
351	0
352	24024
353	24024
354	0
355	0
356	0
357	0
358	0
359	0
360	0
361	0
362	0
363	0
364	0
365	0
366	0
367	0
368	24024
369	0
370	0
371	0
372	0
373	0
374	0
375	0
376	0
377	0
378	0
379	0
380	0
381	0
382	0
383	0
384	0
385	21904
386	21910
387	21910
388	21910
389	22181
390	22925
391	0
392	0
393	0
394	0
395	0
396	0
397	0
398	0
399	0
400	0
401	0
402	0
403	0
404	0
405	0
406	0
407	0
408	0
409	0
410	0
411	0
412	0
413	0
414	0
415	0
416	0
417	0
418	0
419	0
420	0
421	0
422	0
423	0
424	0
425	0
426	0
427	0
428	0
429	0
430	0
431	0
432	0
433	0
434	0
435	0
436	0
437	0
438	0
439	0
440	0
441	0
442	0
443	0
444	0
445	0
446	0
447	0
448	0
449	0
450	0
451	0
452	0
453	0
454	0
455	0
456	0
457	0
458	0
459	0
460	0
461	0
462	0
463	0
