point
44    
    0.1855    0.1670    0.0270
    0.2140    0.1140    0.0710
    0.1405    0.2070    0.0690
    0.1975    0.0815    0.0905
    0.1055    0.2015    0.0930
    0.2335    0.0545    0.1535
    0.0890    0.2295    0.1565
    0.1559    0.0334    0.2360
    0.0523    0.1542    0.2505
    0.1238    0.0625    0.2735
    0.0900    0.1079    0.2745
    0.1362    0.1152    0.2645
    0.1229    0.0835    0.2520
    0.1037    0.1011    0.2520
    0.1191    0.0715    0.2110
    0.0844    0.1139    0.2165
    0.1486    0.0767    0.1525
    0.1358    0.0904    0.1525
    0.0921    0.1504    0.1525
    0.1032    0.1358    0.1525
    0.1379    0.1298    0.0990
    0.1638    0.1501    0.1080
    0.1996    0.1804    0.0965
    0.1983    0.1393    0.0685
    0.1608    0.1919    0.0710
    0.2047    0.0434    0.1540
    0.0676    0.2088    0.1580
    0.1818    0.0480    0.2320
    0.2380    0.1663    0.0410
    0.1932    0.2202    0.0420
    0.1448    0.1343    0.0415
    0.2362    0.1686    0.0630
    0.1978    0.2174    0.0615
    0.2339    0.1494    0.0655
    0.1772    0.2156    0.0700
    0.1923    0.1562    0.1130
    0.1903    0.1546    0.1240
    0.1719    0.1768    0.1240
    0.1733    0.1778    0.1135
    0.1569    0.1767    0.1145
    0.1875    0.1401    0.1130
    0.2178    0.1500    0.0155
    0.1724    0.2000    0.0145
    0.0649    0.1806    0.2515
